 0                                        
-0.0000111424387531798053002944290379439  
 0.000076511039688300754913787005140335395
-0.000184792378035666141023948827459832955
 0.000220176086246243397004027086971689187
-0.000000000000000001254049172318272303049
-0.000596140392810953897648196253555852309
 0.001451378798122060108030662028966162325
-0.002101732437544522134192925832962828281
 0.001825559817454114851231761207372983336
-0.000000000000000006261072134453412955895
-0.003366778074672173784454010103672771947
 0.007201138235243258189921533585220458917
-0.009385279476744626259154813396889949217
 0.007472129399170722614809125872170625371
-0.000000000000000015897852091439256739663
-0.012096788385223558592862502791831502691
 0.024742518666161148616078335749079997186
-0.031298858144953527193887765633917297237
 0.024619116590956752199659263169451151043
-0.000000000000000026483466641810965258315
-0.04214456892112750791001829497872677166 
 0.09517880383536296562407841292952070944 
-0.147489333598403632441531385666166897863
 0.1858893597525340113385539098089793697  
 0.799997444054659556655906271771527826786
 0.1858893597525340113385539098089793697  
-0.147489333598403632441531385666166897863
 0.09517880383536296562407841292952070944 
-0.04214456892112750791001829497872677166 
-0.000000000000000026483466641810965258315
 0.024619116590956752199659263169451151043
-0.031298858144953527193887765633917297237
 0.024742518666161148616078335749079997186
-0.012096788385223558592862502791831502691
-0.000000000000000015897852091439256739663
 0.007472129399170722614809125872170625371
-0.009385279476744626259154813396889949217
 0.007201138235243258189921533585220458917
-0.003366778074672173784454010103672771947
-0.000000000000000006261072134453412955895
 0.001825559817454114851231761207372983336
-0.002101732437544522134192925832962828281
 0.001451378798122060108030662028966162325
-0.000596140392810953897648196253555852309
-0.000000000000000001254049172318272303049
 0.000220176086246243397004027086971689187
-0.000184792378035666141023948827459832955
 0.000076511039688300754913787005140335395
-0.0000111424387531798053002944290379439  
 0           